PHA STC JHC PLZ KAR UST LIB HRA PAR VYS JHM OLO ZLI MSK celkem Cizinci Bezd. Celkem
I. a 5408 4367 3024 2257 1275 5430 1754 2052 2093 2712 6608 2354 2692 6237 48263 169 10 48442
I. b 456,8 392,3 483,1 409,1 418,6 656,6 408,8 372,2 411,6 520,5 581,3 366,9 450,1 487,3 469,8 x x 471,6
II. a 22907 21298 11299 10551 5992 18946 7593 10113 9141 9767 23472 9748 10683 26110 197620 228 13 197861
II. b 1934,9 1913,3 1805,0 1912,6 1967,2 2291,0 1769,5 1834,4 1797,5 1874,6 2064,9 1519,4 1786,3 2039,9 1923,8 x x 1926,1
III. a 1025 1305 551 629 322 976 555 643 555 481 1337 718 673 1606 11376 9 1 11386
III. b 86,6 117,2 88,0 114,0 105,7 118,0 129,3 116,6 109,1 92,3 117,6 111,9 112,5 125,5 110,7 x x 110,8
IV. a 4891 4540 2619 2999 1369 4176 1776 2367 2169 2656 5056 2866 2562 5040 45086 83 4 45173
IV. b 413,1 407,9 418,4 543,6 449,4 505,0 413,9 429,4 426,5 509,8 444,8 446,7 428,4 393,8 438,9 x x 439,7
V. a 5924 2012 2034 1866 1014 4365 1587 1768 1278 931 3552 1655 1048 2862 31896 65 3 31964
V. b 500,4 180,7 324,9 338,3 332,9 527,8 369,8 320,7 251,3 178,7 312,5 258,0 175,2 223,6 310,5 x x 311,2
VI. a 5050 5507 2854 2324 1264 4622 1751 2981 2792 2751 7674 3170 3067 6479 52286 154 4 52444
VI. b 426,6 494,7 455,9 421,3 415,0 558,9 408,1 540,7 549,0 528,0 675,1 494,1 512,8 506,2 509,0 x x 510,5
VII. a 4868 6466 3571 3438 2608 5901 2234 3554 3093 3669 5703 4667 4608 7354 61734 39 - 61773
VII. b 411,2 580,9 570,5 623,2 856,2 713,5 520,6 644,7 608,2 704,2 501,7 727,5 770,5 574,6 601,0 x x 601,3
VIII. a 1495 1906 706 574 699 1844 600 787 669 747 2305 1325 1099 1918 16674 22 1 16697
VIII. b 126,3 171,2 112,8 104,1 229,5 223,0 139,8 142,8 131,6 143,4 202,8 206,5 183,8 149,8 162,3 x x 162,5
IX. a 42054 39255 21193 20589 9995 31686 14803 17286 15270 16924 37823 18790 19024 41908 346600 472 44 347116
IX. b 3552,2 3526,5 3385,5 3732,3 3281,4 3831,5 3449,7 3135,5 3002,7 3248,3 3327,5 2928,8 3181,0 3274,2 3374,1 x x 3379,1
X. a 13692 18339 8569 8142 4511 14548 5812 7850 6712 8447 17956 9430 9104 19645 152757 210 16 152983
X. b 1156,5 1647,5 1368,9 1475,9 1481,0 1759,1 1354,4 1423,9 1319,9 1621,2 1579,7 1469,9 1522,3 1534,8 1487,0 x x 1489,2
XI. a 25506 24734 11739 11200 6514 18803 9494 11479 11074 10961 27639 13352 12127 26524 221146 431 11 221588
XI. b 2154,4 2222,0 1875,3 2030,3 2138,5 2273,7 2212,5 2082,2 2177,6 2103,8 2431,5 2081,2 2027,7 2072,3 2152,8 x x 2157,1
XII. a 2422 3009 1422 1419 1044 2676 1183 1507 1501 1978 4594 2049 1788 3535 30127 43 4 30174
XII. b 204,6 270,3 227,2 257,2 342,7 323,6 275,7 273,4 295,2 379,6 404,2 319,4 299,0 276,2 293,3 x x 293,7
XIII. a 13316 14293 8295 6774 4152 14776 6292 8282 6745 8244 19167 9763 9271 18188 147558 200 3 147761
XIII. b 1124,8 1284,0 1325,1 1228,0 1363,1 1786,7 1466,3 1502,3 1326,3 1582,3 1686,2 1521,8 1550,2 1421,0 1436,4 x x 1438,4
XIV. a 18849 20273 10498 9083 5207 16361 7787 9177 8460 8966 19822 10444 10297 19961 175185 250 5 175440
XIV. b 1592,1 1821,2 1677,0 1646,5 1709,5 1978,4 1814,7 1664,6 1663,6 1720,9 1743,8 1627,9 1721,7 1559,5 1705,4 x x 1707,9
XV. a 13214 17012 9516 9835 5465 15909 6772 8105 7332 7228 14899 9044 8910 18377 151618 382 1 152001
XV. b 1116,1 1528,3 1520,1 1782,8 1794,2 1923,7 1578,1 1470,2 1441,8 1387,3 1310,7 1409,7 1489,8 1435,8 1476,0 x x 1479,7
XVI. a 1431 2648 1324 1054 626 1840 666 913 1014 911 3000 643 799 1203 18072 14 1 18087
XVI. b 120,9 237,9 211,5 191,1 205,5 222,5 155,2 165,6 199,4 174,8 263,9 100,2 133,6 94,0 175,9 x x 176,1
XVII. a 1903 1995 1035 839 507 1496 677 1138 1005 956 1922 1031 1076 2300 17880 42 - 17922
XVII. b 160,7 179,2 165,3 152,1 166,4 180,9 157,8 206,4 197,6 183,5 169,1 160,7 179,9 179,7 174,1 x x 174,5
XVIII. a 6561 11083 5379 5691 3562 9473 5449 4710 4123 5723 8521 4617 5408 8243 88543 188 7 88738
XVIII. b 554,2 995,6 859,3 1031,6 1169,4 1145,5 1269,8 854,3 810,7 1098,4 749,6 719,7 904,3 644,0 861,9 x x 863,8
XIX. a 18713 18646 11238 9089 5226 15340 8005 9813 9815 9523 21868 10355 10379 21079 179089 1215 34 180338
XIX. b 1580,6 1675,1 1795,2 1647,6 1715,7 1854,9 1865,5 1780,0 1930,0 1827,8 1923,8 1614,0 1735,5 1646,9 1743,4 x x 1755,5
XX. a 14218 17121 11595 7725 6003 17114 7892 8577 7783 11737 18584 12647 11979 26850 179825 296 14 180135
XX. b 1200,9 1538,1 1852,3 1400,3 1970,8 2069,4 1839,1 1555,8 1530,5 2252,7 1634,9 1971,3 2003,0 2097,7 1750,5 x x 1753,6
XXI. a 223447 235809 128461 116078 67355 206282 92682 113102 102624 115312 251502 128668 126594 265419 2173335 4512 176 2178023
XXI. b 18873,8 21184,0 20521,2 21042,0 22112,7 24943,7 21598,5 20515,6 20180,0 22132,0 22125,8 20055,7 21167,5 20736,7 21156,8 x x 21202,5
