PHA STC JHC PLZ KAR UST LIB HRA PAR VYS JHM OLO ZLI MSK celkem Cizinci Bezd. Celkem
I. a 5564 4431 3220 2601 1371 4588 1670 2103 1962 3124 6744 2176 2811 6266 48631 136 12 48779
I. b 471,1 397,4 514,5 471,8 450,4 554,8 389,2 381,8 385,8 599,9 593,9 339,4 470,2 490,3 473,7 x x 475,1
II. a 23468 20878 11518 10428 5754 17342 7471 9809 9084 9941 22962 10203 11084 26154 196096 251 3 196350
II. b 1986,9 1872,4 1840,3 1891,6 1890,3 2096,9 1741,0 1780,9 1786,2 1908,9 2022,0 1591,6 1853,9 2046,4 1910,0 x x 1912,5
III. a 1133 1292 660 723 359 933 591 697 598 534 1502 722 654 1697 12095 8 - 12103
III. b 95,9 115,9 105,5 131,1 117,9 112,8 137,7 126,5 117,6 102,5 132,3 112,6 109,4 132,8 117,8 x x 117,9
IV. a 4888 4751 2583 2700 1245 3722 1921 2211 2057 2874 4989 2738 2543 5038 44260 70 6 44336
IV. b 413,8 426,1 412,7 489,8 409,0 450,1 447,7 401,4 404,5 551,9 439,3 427,1 425,3 394,2 431,1 x x 431,8
V. a 5700 2021 1768 1945 1059 4194 1579 1713 1389 835 3473 1585 1181 3076 31518 68 4 31590
V. b 482,6 181,2 282,5 352,8 347,9 507,1 368,0 311,0 273,1 160,3 305,8 247,2 197,5 240,7 307,0 x x 307,7
VI. a 5270 5721 3031 2597 1317 4311 1856 2920 2893 3218 7763 3126 2974 6675 53672 141 5 53818
VI. b 446,2 513,1 484,3 471,1 432,7 521,3 432,5 530,2 568,9 617,9 683,6 487,6 497,4 522,3 522,8 x x 524,2
VII. a 4893 7079 3484 3318 2270 5337 2366 3715 3327 4176 5789 5082 4850 7945 63631 33 - 63664
VII. b 414,3 634,9 556,7 601,9 745,7 645,3 551,4 674,5 654,2 801,9 509,8 792,7 811,2 621,7 619,8 x x 620,1
VIII. a 1598 1847 887 650 799 1555 666 769 639 738 2265 1322 1178 2114 17027 28 - 17055
VIII. b 135,3 165,6 141,7 117,9 262,5 188,0 155,2 139,6 125,6 141,7 199,5 206,2 197,0 165,4 165,8 x x 166,1
IX. a 43195 39409 21701 19993 10441 30264 15588 16592 15397 18712 37241 18810 19467 43483 350293 507 16 350816
IX. b 3657,1 3534,3 3467,3 3626,6 3430,0 3659,4 3632,5 3012,5 3027,5 3593,2 3279,5 2934,1 3256,0 3402,3 3412,0 x x 3417,1
X. a 13581 18581 8962 8201 4772 13274 5956 7292 6656 8725 17276 9367 9264 18981 150888 201 6 151095
X. b 1149,8 1666,4 1431,9 1487,6 1567,7 1605,1 1388,0 1323,9 1308,8 1675,4 1521,3 1461,1 1549,4 1485,2 1469,7 x x 1471,7
XI. a 23984 24165 11480 11010 6464 16861 9110 10710 10320 11573 27328 13086 11745 26077 213913 475 11 214399
XI. b 2030,6 2167,2 1834,2 1997,2 2123,5 2038,8 2122,9 1944,5 2029,2 2222,3 2406,5 2041,3 1964,4 2040,4 2083,6 x x 2088,3
XII. a 2432 3017 1402 1423 1088 2624 1290 1426 1406 2158 4741 2170 1764 3512 30453 58 5 30516
XII. b 205,9 270,6 224,0 258,1 357,4 317,3 300,6 258,9 276,5 414,4 417,5 338,5 295,0 274,8 296,6 x x 297,2
XIII. a 13636 14012 8256 7025 3717 14227 6374 8304 7050 9090 18632 9627 9128 18606 147684 185 - 147869
XIII. b 1154,5 1256,6 1319,1 1274,3 1221,1 1720,3 1485,4 1507,7 1386,3 1745,5 1640,7 1501,7 1526,7 1455,8 1438,5 x x 1440,3
XIV. a 18761 19890 10598 8980 5395 15281 7565 8326 8138 8943 19101 10633 10814 20060 172485 263 4 172752
XIV. b 1588,4 1783,8 1693,3 1628,9 1772,3 1847,7 1762,9 1511,7 1600,2 1717,3 1682,0 1658,6 1808,7 1569,6 1680,1 x x 1682,7
XV. a 14747 17423 9201 9682 5241 14833 6726 7738 7181 7505 15049 9115 8604 18121 151166 346 3 151515
XV. b 1248,6 1562,5 1470,1 1756,3 1721,7 1793,6 1567,4 1404,9 1412,0 1441,2 1325,2 1421,8 1439,1 1417,9 1472,4 x x 1475,8
XVI. a 2215 2726 1321 885 530 1936 497 736 1111 1345 3060 778 871 1046 19057 29 1 19087
XVI. b 187,5 244,5 211,1 160,5 174,1 234,1 115,8 133,6 218,5 258,3 269,5 121,4 145,7 81,8 185,6 x x 185,9
XVII. a 1910 1840 985 723 498 1437 732 1006 996 919 1704 1117 935 1934 16736 57 - 16793
XVII. b 161,7 165,0 157,4 131,1 163,6 173,8 170,6 182,7 195,8 176,5 150,1 174,2 156,4 151,3 163,0 x x 163,6
XVIII. a 7154 11328 5219 5616 3657 9321 6572 4568 4034 6984 8664 5137 5259 8324 91837 257 6 92100
XVIII. b 605,7 1015,9 833,9 1018,7 1201,4 1127,1 1531,5 829,4 793,2 1341,1 763,0 801,3 879,6 651,3 894,5 x x 897,1
XIX. a 18521 18717 10992 8839 5171 13578 8203 8977 9579 9963 20655 10021 9901 20211 173328 1247 29 174604
XIX. b 1568,1 1678,6 1756,3 1603,4 1698,8 1641,8 1911,6 1629,9 1883,5 1913,2 1818,9 1563,2 1656,0 1581,4 1688,3 x x 1700,7
XX. a 15643 17496 11379 8011 6427 15246 8095 8868 7836 12399 18085 12476 11877 28482 182320 421 5 182746
XX. b 1324,4 1569,1 1818,1 1453,2 2111,4 1843,5 1886,4 1610,1 1540,8 2380,9 1592,6 1946,1 1986,5 2228,6 1775,9 x x 1780,0
XXI. a 228293 236624 128647 115350 67575 190864 94828 108480 101653 123756 247023 129291 126904 267802 2167090 4781 116 2171987
XXI. b 19328,4 21221,2 20554,8 20924,0 22199,4 23078,7 22098,2 19695,7 19988,2 23764,4 21752,9 20167,9 21225,3 20954,2 21108,3 x x 21156,0
