PHA STC JHC PLZ KAR UST LIB HRA PAR VYS JHM OLO ZLI MSK celkem Cizinci Bezd. Celkem
I. a 6092 4522 3549 2817 1469 4691 1671 2140 2053 3089 6667 2473 2911 6424 50568 173 13 50754
I. b 525,7 401,7 568,0 512,8 483,6 572,5 391,0 390,0 405,1 596,4 593,8 388,0 490,5 508,1 495,7 x x 497,6
II. a 24746 21229 12346 10314 5742 17267 7648 9450 9174 9604 23448 10283 11418 26670 199339 252 12 199603
II. b 2135,5 1885,8 1976,1 1877,4 1890,3 2107,2 1789,3 1722,3 1810,0 1854,2 2088,4 1613,3 1924,0 2109,4 1954,2 x x 1956,7
III. a 1374 1442 684 649 383 1098 505 585 525 533 1495 690 708 1747 12418 17 - 12435
III. b 118,6 128,1 109,5 118,1 126,1 134,0 118,2 106,6 103,6 102,9 133,2 108,3 119,3 138,2 121,7 x x 121,9
IV. a 5415 4694 2733 2360 1222 3750 1964 2338 2008 2819 5050 2678 2523 5263 44817 98 1 44916
IV. b 467,3 417,0 437,4 429,6 402,3 457,6 459,5 426,1 396,2 544,3 449,8 420,1 425,1 416,3 439,3 x x 440,3
V. a 5952 1864 1887 1996 1082 4470 1542 1693 1276 963 3573 1650 1209 3580 32737 78 7 32822
V. b 513,6 165,6 302,0 363,3 356,2 545,5 360,8 308,5 251,8 185,9 318,2 258,9 203,7 283,2 320,9 x x 321,8
VI. a 5948 5847 3232 2781 1417 4635 1994 2995 2865 3007 8471 3293 3078 6597 56160 165 14 56339
VI. b 513,3 519,4 517,3 506,2 466,5 565,6 466,5 545,8 565,3 580,5 754,5 516,6 518,7 521,8 550,5 x x 552,3
VII. a 5492 6840 3674 3447 2513 6242 2539 4169 3464 3883 6085 4310 4831 8969 66458 36 - 66494
VII. b 473,9 607,6 588,0 627,4 827,3 761,7 594,0 759,8 683,4 749,7 542,0 676,2 814,0 709,4 651,5 x x 651,9
VIII. a 1634 1653 882 670 1023 1794 670 764 672 817 2507 1209 1265 2078 17638 19 - 17657
VIII. b 141,0 146,8 141,2 122,0 336,8 218,9 156,8 139,2 132,6 157,7 223,3 189,7 213,2 164,4 172,9 x x 173,1
IX. a 45380 40132 22167 19092 10068 30617 15047 16632 16225 17771 37713 18717 20328 46093 355982 529 16 356527
IX. b 3916,1 3565,0 3548,0 3475,3 3314,4 3736,3 3520,4 3031,2 3201,2 3431,0 3359,0 2936,5 3425,3 3645,6 3489,8 x x 3495,1
X. a 14201 16743 8524 7744 4735 13053 5471 7156 6337 7741 17353 8784 9151 18176 145169 154 11 145334
X. b 1225,5 1487,3 1364,3 1409,6 1558,8 1592,9 1280,0 1304,2 1250,3 1494,5 1545,6 1378,1 1542,0 1437,6 1423,1 x x 1424,7
XI. a 25165 24412 11550 10928 6199 17372 8703 10623 10124 10963 26824 12693 12366 27469 215391 465 11 215867
XI. b 2171,6 2168,5 1848,7 1989,2 2040,7 2120,0 2036,2 1936,0 1997,4 2116,6 2389,1 1991,4 2083,7 2172,6 2111,5 x x 2116,2
XII. a 2858 3060 1461 1523 1077 2799 1452 1411 1422 1881 4922 2014 1887 3699 31466 67 14 31547
XII. b 246,6 271,8 233,8 277,2 354,6 341,6 339,7 257,2 280,6 363,2 438,4 316,0 318,0 292,6 308,5 x x 309,3
XIII. a 14933 15055 9278 7422 4012 14941 6320 9012 7364 9289 19794 10039 9736 19757 156952 200 3 157155
XIII. b 1288,7 1337,3 1485,0 1351,0 1320,8 1823,3 1478,6 1642,4 1452,9 1793,4 1763,0 1575,0 1640,6 1562,6 1538,6 x x 1540,6
XIV. a 20185 20296 10607 8704 5483 15975 7574 8373 7852 8767 19516 10959 10911 20000 175202 301 3 175506
XIV. b 1741,9 1802,9 1697,7 1584,4 1805,0 1949,5 1772,0 1526,0 1549,2 1692,6 1738,2 1719,3 1838,5 1581,8 1717,5 x x 1720,5
XV. a 16469 16757 9442 10549 5325 14885 6839 7647 7198 7296 15099 9339 8471 18488 153804 310 2 154116
XV. b 1421,2 1488,5 1511,3 1920,2 1753,0 1816,5 1600,1 1393,7 1420,1 1408,6 1344,8 1465,2 1427,4 1462,3 1507,8 x x 1510,8
XVI. a 2327 2657 1348 990 528 1909 555 680 1174 1369 2098 840 1055 1111 18641 35 - 18676
XVI. b 200,8 236,0 215,8 180,2 173,8 233,0 129,8 123,9 231,6 264,3 186,9 131,8 177,8 87,9 182,7 x x 183,1
XVII. a 2005 2075 985 802 568 1593 675 1012 956 906 1624 1028 1015 2046 17290 64 - 17354
XVII. b 173,0 184,3 157,7 146,0 187,0 194,4 157,9 184,4 188,6 174,9 144,6 161,3 171,0 161,8 169,5 x x 170,1
XVIII. a 9412 12169 5502 6187 4015 11123 5990 5319 4175 6994 10427 4984 5764 9763 101824 270 11 102105
XVIII. b 812,2 1081,0 880,6 1126,2 1321,8 1357,4 1401,4 969,4 823,7 1350,3 928,7 781,9 971,3 772,2 998,2 x x 1001,0
XIX. a 21125 19118 11523 8629 4973 15270 8175 9587 10137 9585 21682 10801 10964 21858 183427 1158 35 184620
XIX. b 1823,0 1698,3 1844,3 1570,7 1637,1 1863,5 1912,6 1747,2 2000,0 1850,5 1931,1 1694,5 1847,5 1728,8 1798,2 x x 1809,9
XX. a 15879 18829 12056 9383 7241 16026 8689 8876 8001 12489 19625 12521 12359 28540 190514 582 1 191097
XX. b 1370,3 1672,6 1929,6 1708,0 2383,8 1955,7 2032,9 1617,6 1578,6 2411,2 1747,9 1964,4 2082,5 2257,3 1867,6 x x 1873,4
XXI. a 246592 239394 133430 116987 69075 199510 94023 110462 103002 119766 253973 129305 131950 278328 2225797 4973 154 2230924
XXI. b 21279,9 21265,6 21356,4 21294,8 22739,9 24347,1 21997,9 20131,7 20322,0 23122,7 22620,4 20286,3 22234,1 22013,6 21819,9 x x 21870,1
