PHA STC JHC PLZ KAR UST LIB HRA PAR VYS JHM OLO ZLI MSK celkem Cizinci Bezd. Celkem
I. a 6321 4661 3325 2989 1331 4739 1880 2572 2231 2923 6502 2534 2991 6881 51880 185 25 52090
I. b 544,0 412,0 532,0 544,1 437,7 578,0 440,2 469,6 440,6 564,8 579,7 398,3 505,0 545,6 508,5 x x 510,6
II. a 25717 22464 12328 10113 5807 17842 7571 10225 9699 10154 24215 10485 11665 28253 206538 197 55 206790
II. b 2213,5 1985,5 1972,6 1841,0 1909,7 2176,2 1772,7 1866,8 1915,3 1961,9 2158,8 1648,0 1969,4 2240,1 2024,6 x x 2027,0
III. a 1209 1361 672 660 367 1077 499 687 632 618 1457 691 692 1645 12267 13 9 12289
III. b 104,1 120,3 107,5 120,2 120,7 131,4 116,8 125,4 124,8 119,4 129,9 108,6 116,8 130,4 120,2 x x 120,5
IV. a 5590 5286 2964 2437 1221 4101 1913 2481 2104 2836 4963 2836 2614 5708 47054 102 11 47167
IV. b 481,1 467,2 474,3 443,6 401,5 500,2 447,9 453,0 415,5 547,9 442,5 445,8 441,3 452,6 461,2 x x 462,3
V. a 5021 2065 1902 1991 1105 4519 1673 1879 1391 882 3620 1753 1276 3858 32935 112 16 33063
V. b 432,2 182,5 304,3 362,5 363,4 551,2 391,7 343,1 274,7 170,4 322,7 275,5 215,4 305,9 322,8 x x 324,1
VI. a 6191 6282 3256 3044 1531 5003 1883 3345 3103 3087 8713 3548 3022 7183 59191 234 9 59434
VI. b 532,9 555,2 521,0 554,2 503,5 610,2 440,9 610,7 612,8 596,4 776,8 557,7 510,2 569,5 580,2 x x 582,6
VII. a 5832 6843 3958 3383 3089 6149 2645 4033 3480 3734 6136 4945 4957 9876 69060 31 - 69091
VII. b 502,0 604,8 633,3 615,9 1015,9 750,0 619,3 736,3 687,2 721,4 547,0 777,2 836,9 783,0 676,9 x x 677,3
VIII. a 1854 1837 937 567 918 1984 752 858 720 813 2334 1381 1243 2356 18554 30 - 18584
VIII. b 159,6 162,4 149,9 103,2 301,9 242,0 176,1 156,6 142,2 157,1 208,1 217,1 209,9 186,8 181,9 x x 182,2
IX. a 43575 42768 22701 18412 10089 32427 16492 17742 16835 18038 37851 19196 20014 49494 365634 664 161 366459
IX. b 3750,5 3780,1 3632,4 3351,9 3317,9 3955,2 3861,4 3239,2 3324,5 3485,1 3374,5 3017,2 3379,0 3924,3 3584,1 x x 3592,2
X. a 14652 18317 9141 8217 4838 14015 5871 7833 7084 8149 17198 9496 9207 19321 153339 261 34 153634
X. b 1261,1 1619,0 1462,7 1495,9 1591,0 1709,5 1374,6 1430,1 1398,9 1574,5 1533,3 1492,5 1554,4 1531,9 1503,1 x x 1506,0
XI. a 25530 25439 11641 10627 6182 17870 8906 10959 10594 10572 26547 13057 11912 29286 219122 689 36 219847
XI. b 2197,4 2248,4 1862,7 1934,6 2033,0 2179,7 2085,2 2000,8 2092,1 2042,6 2366,7 2052,3 2011,1 2322,0 2147,9 x x 2155,0
XII. a 2894 3698 1437 1507 1033 2933 1558 1599 1569 2143 5110 2240 1872 3628 33221 100 8 33329
XII. b 249,1 326,9 229,9 274,3 339,7 357,7 364,8 291,9 309,8 414,0 455,6 352,1 316,1 287,7 325,6 x x 326,7
XIII. a 15754 17058 10068 7939 4466 16324 6771 9330 8790 9398 20574 10939 10468 22543 170422 257 15 170694
XIII. b 1355,9 1507,7 1611,0 1445,3 1468,7 1991,1 1585,4 1703,4 1735,8 1815,8 1834,2 1719,4 1767,3 1787,4 1670,5 x x 1673,2
XIV. a 21265 22025 10854 8804 5473 16920 8415 8925 8524 9235 20373 11332 10760 21438 184343 401 22 184766
XIV. b 1830,3 1946,7 1736,8 1602,7 1799,9 2063,8 1970,3 1629,5 1683,3 1784,3 1816,3 1781,1 1816,6 1699,8 1807,0 x x 1811,1
XV. a 16247 17590 8722 10824 5449 15368 6799 7598 7189 7348 14975 9399 8337 18239 154084 382 20 154486
XV. b 1398,4 1554,7 1395,6 1970,5 1792,0 1874,5 1591,9 1387,2 1419,7 1419,7 1335,1 1477,3 1407,6 1446,1 1510,4 x x 1514,3
XVI. a 2771 3248 1295 1012 767 2072 810 578 1074 1279 1563 959 1262 1463 20153 42 - 20195
XVI. b 238,5 287,1 207,2 184,2 252,2 252,7 189,7 105,5 212,1 247,1 139,3 150,7 213,1 116,0 197,5 x x 198,0
XVII. a 2150 1980 1106 766 578 1494 660 1104 1001 872 1643 1039 919 2090 17402 72 - 17474
XVII. b 185,0 175,0 177,0 139,4 190,1 182,2 154,5 201,6 197,7 168,5 146,5 163,3 155,2 165,7 170,6 x x 171,3
XVIII. a 9662 14532 6239 6193 4098 10709 7600 6012 4971 7562 11367 5658 6163 11747 112513 314 37 112864
XVIII. b 831,6 1284,4 998,3 1127,4 1347,7 1306,2 1779,5 1097,6 981,7 1461,1 1013,4 889,3 1040,5 931,4 1102,9 x x 1106,3
XIX. a 21571 21506 12076 9024 5467 16529 8672 10073 10993 10461 22150 11569 11177 22798 194066 1485 46 195597
XIX. b 1856,6 1900,8 1932,3 1642,8 1797,9 2016,1 2030,5 1839,1 2170,9 2021,2 1974,7 1818,4 1887,1 1807,6 1902,3 x x 1917,3
XX. a 15944 18921 11498 9730 7349 16838 9041 9453 8754 12980 20286 13211 12366 28146 194517 682 16 195215
XX. b 1372,3 1672,3 1839,8 1771,3 2416,8 2053,8 2116,9 1725,9 1728,7 2507,9 1808,6 2076,5 2087,8 2231,6 1906,7 x x 1913,6
XXI. a 249750 257881 136120 118239 71158 208913 100411 117286 110738 123084 257577 136268 132917 295953 2316295 6253 520 2323068
XXI. b 21495,9 22793,0 21780,7 21525,1 23401,2 25481,8 23510,2 21413,5 21868,2 23781,0 22963,7 21418,1 22440,8 23465,4 22705,1 x x 22771,5
