PHA STC JHC PLZ KAR UST LIB HRA PAR VYS JHM OLO ZLI MSK celkem Cizinci Bezd. Celkem
I. a 6366 4577 3011 2772 1500 4828 2064 2444 2393 3099 6042 2332 3170 7050 51648 162 17 51827
I. b 546,1 402,3 481,4 504,7 493,9 588,3 482,9 446,8 473,7 599,1 538,3 367,0 536,1 560,2 506,0 x x 507,8
II. a 24342 21727 12139 9150 5547 17535 7551 10405 10069 10090 24842 11026 11919 27773 204115 229 45 204389
II. b 2088,3 1909,6 1940,9 1666,0 1826,3 2136,8 1766,7 1902,2 1993,1 1950,6 2213,3 1735,2 2015,8 2206,7 1999,8 x x 2002,5
III. a 1189 1402 772 668 391 1132 574 630 533 580 1525 946 912 1779 13033 13 1 13047
III. b 102,0 123,2 123,4 121,6 128,7 137,9 134,3 115,2 105,5 112,1 135,9 148,9 154,2 141,3 127,7 x x 127,8
IV. a 5488 5584 3534 2911 1304 4403 2095 2596 2196 2946 5734 3494 2882 6317 51484 101 2 51587
IV. b 470,8 490,8 565,1 530,0 429,3 536,5 490,2 474,6 434,7 569,5 510,9 549,8 487,4 501,9 504,4 x x 505,4
V. a 41022 44754 22978 19564 11378 33188 16897 17377 16699 19174 38191 20012 20995 47988 370217 748 31 370996
V. b 3519,3 3933,6 3674,0 3562,2 3746,2 4044,3 3953,5 3176,8 3305,5 3706,7 3402,6 3149,3 3550,7 3812,8 3627,1 x x 3634,7
VI. a 4054 2576 2176 2160 1229 5011 1965 1913 1560 1083 3763 1932 1404 4206 35032 170 12 35214
VI. b 347,8 226,4 347,9 393,3 404,6 610,6 459,8 349,7 308,8 209,4 335,3 304,0 237,4 334,2 343,2 x x 345,0
VII. a 6293 6388 3455 2898 1489 5338 2063 3853 3357 3233 8534 3753 3210 7435 61299 220 9 61528
VII. b 539,9 561,5 552,4 527,7 490,3 650,5 482,7 704,4 664,5 625,0 760,3 590,6 542,9 590,7 600,6 x x 602,8
VIII. a 5795 7604 4160 3482 2854 6284 2697 3345 3154 4227 7132 5148 5190 9797 70869 51 1 70921
VIII. b 497,2 668,3 665,2 634,0 939,7 765,8 631,0 611,5 624,3 817,2 635,4 810,1 877,7 778,4 694,3 x x 694,8
IX. a 1511 1788 930 572 807 1610 797 906 873 847 2302 1435 1123 2431 17932 37 2 17971
IX. b 129,6 157,2 148,7 104,1 265,7 196,2 186,5 165,6 172,8 163,7 205,1 225,8 189,9 193,2 175,7 x x 176,1
X. a 13204 17280 8278 7913 4498 13868 6060 7045 6395 7577 16271 9942 8634 17856 144821 270 13 145104
X. b 1132,8 1518,8 1323,6 1440,8 1481,0 1689,9 1417,9 1287,9 1265,9 1464,8 1449,7 1564,6 1460,2 1418,7 1418,8 x x 1421,6
XI. a 23426 25607 11566 11311 6036 18674 9319 10915 10244 10481 26441 12969 11913 27391 216293 634 25 216952
XI. b 2009,7 2250,7 1849,3 2059,5 1987,3 2275,6 2180,4 1995,4 2027,7 2026,2 2355,8 2040,9 2014,8 2176,3 2119,1 x x 2125,5
XII. a 2431 3278 1377 1590 923 2895 1542 1244 1435 2068 5036 2075 2066 3701 31661 100 7 31768
XII. b 208,6 288,1 220,2 289,5 303,9 352,8 360,8 227,4 284,0 399,8 448,7 326,5 349,4 294,1 310,2 x x 311,2
XIII. a 16835 18156 10498 8560 4827 18491 7625 9566 9084 10782 21759 11810 10953 22612 181558 266 8 181832
XIII. b 1444,3 1595,8 1678,5 1558,6 1589,3 2253,3 1784,1 1748,8 1798,1 2084,4 1938,6 1858,5 1852,4 1796,6 1778,8 x x 1781,5
XIV. a 20102 21651 10829 8534 5760 17663 8525 9021 7987 9316 20974 11508 10698 21025 183593 405 7 184005
XIV. b 1724,6 1903,0 1731,5 1553,9 1896,5 2152,4 1994,6 1649,2 1581,0 1801,0 1868,7 1811,0 1809,3 1670,5 1798,7 x x 1802,7
XV. a 19676 20903 12120 8777 5489 17560 8548 10177 10889 11080 23660 11519 11240 23207 194845 1661 75 196581
XV. b 1688,0 1837,2 1937,9 1598,1 1807,2 2139,8 2000,0 1860,5 2155,4 2142,0 2108,0 1812,7 1900,9 1843,9 1908,9 x x 1926,0
XVI. a 16692 18797 8841 8667 5162 15850 6851 7771 7171 7403 16173 9264 8109 18340 155091 442 18 155551
XVI. b 1432,0 1652,1 1413,6 1578,1 1699,6 1931,5 1603,0 1420,7 1419,5 1431,1 1440,9 1457,9 1371,4 1457,2 1519,5 x x 1524,0
XVII. a 3302 3822 1256 1087 916 2253 994 790 1114 695 1516 995 1541 2519 22800 51 2 22853
XVII. b 283,3 335,9 200,8 197,9 301,6 274,5 232,6 144,4 220,5 134,4 135,1 156,6 260,6 200,1 223,4 x x 223,9
XVIII. a 1652 1685 924 637 410 1232 534 936 833 819 1614 1013 966 2075 15330 78 1 15409
XVIII. b 141,7 148,1 147,7 116,0 135,0 150,1 124,9 171,1 164,9 158,3 143,8 159,4 163,4 164,9 150,2 x x 151,0
XIX. a 9030 11985 6826 6403 4044 12338 6930 5981 4215 7279 11126 5674 6590 12587 111008 423 15 111446
XIX. b 774,7 1053,4 1091,4 1165,8 1331,5 1503,5 1621,5 1093,4 834,3 1407,2 991,3 892,9 1114,5 1000,1 1087,6 x x 1091,9
XX. a 16832 20594 12100 9679 6696 17757 8873 9536 9178 13618 20230 13507 11925 27576 198101 626 8 198735
XX. b 1444,0 1810,1 1934,7 1762,3 2204,6 2163,9 2076,1 1743,3 1816,7 2632,6 1802,4 2125,6 2016,8 2191,0 1940,8 x x 1947,1
XXI. a 239242 260158 137770 117335 71260 217910 102504 116451 109379 126397 262865 140354 135440 293665 2330730 6687 299 2337716
XXI. b 20524,6 22866,0 22028,4 21364,1 23462,2 26554,3 23983,4 21289,2 21650,9 24434,8 23420,1 22087,4 22906,0 23332,9 22834,8 x x 22903,2
