PHA STC JHC PLZ KAR UST LIB HRA PAR VYS JHM OLO ZLI MSK celkem Cizinci Bezd. Celkem
I. a 7428 5007 3232 3564 1752 4933 2010 2464 2758 3193 6538 2615 3578 7513 56585 227 15 56827
I. b 631,5 435,3 515,7 647,6 575,2 599,4 469,3 449,8 545,5 626,1 578,4 409,2 606,0 600,2 552,9 x x 555,3
II. a 28696 22609 12909 9008 5869 18489 8370 10695 10673 10310 25078 11704 13062 27840 215312 357 7 215676
II. b 2439,8 1965,8 2059,6 1636,7 1926,9 2246,6 1954,4 1952,2 2111,2 2021,6 2218,7 1831,7 2212,2 2224,1 2103,9 x x 2107,4
III. a 1352 1383 686 729 432 1074 578 640 544 625 1549 838 782 1926 13138 21 1 13160
III. b 115,0 120,2 109,5 132,5 141,8 130,5 135,0 116,8 107,6 122,5 137,0 131,1 132,4 153,9 128,4 x x 128,6
IV. a 6864 6030 3660 2887 1416 4581 2226 2687 2483 3094 6111 3850 2937 6869 55695 143 2 55840
IV. b 583,6 524,3 583,9 524,6 464,9 556,6 519,8 490,5 491,1 606,7 540,7 602,5 497,4 548,7 544,2 x x 545,6
V. a 3898 2607 2209 2359 1149 4985 1765 1846 1503 914 3493 1744 1487 4152 34111 212 14 34337
V. b 331,4 226,7 352,4 428,6 377,2 605,7 412,1 337,0 297,3 179,2 309,0 272,9 251,8 331,7 333,3 x x 335,5
VI. a 6914 7026 3510 3138 1765 5853 2254 3968 3569 3542 7747 3776 3299 7834 64195 313 11 64519
VI. b 587,8 610,9 560,0 570,2 579,5 711,2 526,3 724,3 706,0 694,5 685,4 590,9 558,7 625,8 627,3 x x 630,4
VII. a 5545 7290 3720 3281 2399 5955 2801 3233 3262 4377 6995 4965 5654 10823 70300 54 - 70354
VII. b 471,5 633,8 593,5 596,1 787,6 723,6 654,0 590,1 645,2 858,2 618,9 777,0 957,6 864,6 686,9 x x 687,4
VIII. a 1572 1872 955 650 850 1406 897 893 883 871 2314 1434 1101 2561 18259 38 - 18297
VIII. b 133,7 162,8 152,4 118,1 279,1 170,8 209,4 163,0 174,7 170,8 204,7 224,4 186,5 204,6 178,4 x x 178,8
IX. a 44362 46182 22648 22046 11991 33199 17367 17024 17323 19595 38224 21015 21297 49796 382069 952 28 383049
IX. b 3771,8 4015,4 3613,5 4005,7 3936,8 4034,0 4055,2 3107,4 3426,5 3842,2 3381,8 3288,8 3606,9 3978,1 3733,3 x x 3742,9
X. a 15782 19203 9664 9698 5051 13566 7062 7524 7039 9067 17888 10842 9506 19754 161646 395 18 162059
X. b 1341,8 1669,6 1541,9 1762,1 1658,3 1648,4 1649,0 1373,4 1392,3 1777,8 1582,6 1696,8 1610,0 1578,1 1579,5 x x 1583,5
XI. a 26303 27990 11807 11789 6757 19472 10030 10776 10591 10731 26581 13350 12530 28862 227569 805 21 228395
XI. b 2236,4 2433,6 1883,8 2142,0 2218,4 2366,0 2342,0 1967,0 2094,9 2104,1 2351,7 2089,3 2122,1 2305,7 2223,6 x x 2231,7
XII. a 2603 3380 1372 1556 843 2877 1564 1149 1462 2070 5088 2132 2076 3661 31833 106 11 31950
XII. b 221,3 293,9 218,9 282,7 276,8 349,6 365,2 209,7 289,2 405,9 450,2 333,7 351,6 292,5 311,0 x x 312,2
XIII. a 18892 19613 10460 9135 5223 19045 8547 9971 9998 11323 22163 12196 11290 23438 191294 262 10 191566
XIII. b 1606,3 1705,3 1668,9 1659,8 1714,8 2314,2 1995,7 1820,0 1977,6 2220,2 1960,8 1908,7 1912,1 1872,4 1869,2 x x 1871,8
XIV. a 21228 21968 10645 8353 6016 17751 8734 9271 8403 9292 21291 11404 11072 21458 186886 505 5 187396
XIV. b 1804,9 1910,0 1698,4 1517,7 1975,1 2156,9 2039,4 1692,3 1662,1 1822,0 1883,7 1784,7 1875,2 1714,2 1826,1 x x 1831,1
XV. a 18817 20321 9288 10995 5099 15498 7031 7905 7585 7844 16216 9730 8751 19122 164202 865 7 165074
XV. b 1599,9 1766,8 1481,9 1997,7 1674,1 1883,2 1641,7 1442,9 1500,3 1538,0 1434,7 1522,7 1482,1 1527,6 1604,5 x x 1613,0
XVI. a 3942 4492 1370 1267 900 2413 961 741 1338 895 1523 1104 1329 2863 25138 103 - 25241
XVI. b 335,2 390,6 218,6 230,2 295,5 293,2 224,4 135,3 264,7 175,5 134,7 172,8 225,1 228,7 245,6 x x 246,6
XVII. a 2520 1887 931 672 557 1384 604 972 847 843 1590 1019 936 2064 16826 74 - 16900
XVII. b 214,3 164,1 148,5 122,1 182,9 168,2 141,0 177,4 167,5 165,3 140,7 159,5 158,5 164,9 164,4 x x 165,1
XVIII. a 10482 12862 7071 7416 3829 12946 6845 7006 4622 7593 11470 6590 7186 13888 119806 543 18 120367
XVIII. b 891,2 1118,3 1128,2 1347,5 1257,1 1573,1 1598,3 1278,8 914,2 1488,8 1014,8 1031,3 1217,0 1109,5 1170,7 x x 1176,1
XIX. a 22395 22649 12842 10015 5950 17783 9190 10139 11178 11089 24600 12657 11784 23754 206024 1979 54 208058
XIX. b 1904,1 1969,3 2048,9 1819,7 1953,5 2160,8 2145,9 1850,7 2211,0 2174,3 2176,4 1980,8 1995,8 1897,6 2013,1 x x 2033,0
XX. a 17917 21268 12946 10807 7142 18491 9324 10056 10526 14544 20821 13754 13156 26847 207600 907 10 208516
XX. b 1523,4 1849,2 2065,5 1963,6 2344,8 2246,8 2177,1 1835,5 2082,1 2851,8 1842,2 2152,5 2228,1 2144,7 2028,5 x x 2037,5
XXI. a 267512 275639 141925 129365 74990 221701 108160 118960 116587 131812 267280 146719 142813 305025 2448488 8861 232 2457581
XXI. b 22744,6 23965,9 22644,0 23505,1 24620,2 26938,9 25255,2 21714,0 23061,3 25845,5 23647,2 22961,4 24187,3 24367,6 23924,7 x x 24013,6
