PHA STC JHC PLZ KAR UST LIB HRA PAR VYS JHM OLO ZLI MSK celkem Cizinci Bezd. Celkem
I. a 5323 4578 3088 3347 1695 4364 2332 2432 2612 3303 6596 2498 3517 6844 52529 221 14 52764
I. b 449,7 392,4 491,1 605,4 556,5 530,1 542,6 442,9 515,4 646,2 583,2 390,7 596,2 547,6 511,6 x x 513,9
II. a 22453 20011 12437 8249 5266 17153 8372 10133 9229 9344 23826 11673 12453 24654 195253 408 16 195677
II. b 1897,0 1715,4 1977,8 1492,0 1729,0 2083,7 1947,9 1845,3 1821,0 1828,2 2106,6 1825,6 2111,1 1972,5 1901,8 x x 1905,9
III. a 1170 1319 670 649 339 1011 636 582 543 522 1580 735 730 1748 12234 38 2 12274
III. b 98,9 113,1 106,5 117,4 111,3 122,8 148,0 106,0 107,1 102,1 139,7 114,9 123,8 139,9 119,2 x x 119,6
IV. a 5128 5487 3110 2780 1263 3969 2087 2582 2311 2685 6372 3400 2780 6494 50448 453 3 50904
IV. b 433,3 470,4 494,6 502,8 414,7 482,1 485,6 470,2 456,0 525,3 563,4 531,7 471,3 519,6 491,4 x x 495,8
V. a 3448 2290 1912 1990 967 4463 1747 1833 1402 813 3357 1679 1358 3915 31174 211 15 31400
V. b 291,3 196,3 304,1 359,9 317,5 542,2 406,5 333,8 276,6 159,1 296,8 262,6 230,2 313,2 303,6 x x 305,8
VI. a 5458 6131 3364 2953 1582 5409 2632 3813 3386 3155 6954 3561 3291 7798 59487 362 13 59862
VI. b 461,1 525,6 535,0 534,1 519,4 657,1 612,4 694,4 668,1 617,3 614,9 556,9 557,9 623,9 579,4 x x 583,1
VII. a 4668 6623 1906 2758 1936 5408 2706 2948 3066 3894 7096 4051 5057 10064 62181 58 - 62239
VII. b 394,4 567,7 303,1 498,8 635,6 657,0 629,6 536,9 605,0 761,9 627,4 633,5 857,3 805,2 605,7 x x 606,2
VIII. a 1272 1662 876 591 785 1255 787 817 921 895 2244 1271 1180 2323 16879 40 - 16919
VIII. b 107,5 142,5 139,3 106,9 257,7 152,5 183,1 148,8 181,7 175,1 198,4 198,8 200,0 185,9 164,4 x x 164,8
IX. a 35087 40506 21627 18455 10831 29946 16823 16253 15963 17464 36527 19374 20821 44947 344624 1071 37 345732
IX. b 2964,5 3472,3 3439,2 3337,9 3556,1 3637,8 3914,1 2959,8 3149,7 3416,9 3229,6 3029,9 3529,8 3596,0 3356,7 x x 3367,5
X. a 12818 16624 8544 8059 4528 12418 6459 6968 6390 8141 17172 9333 8696 17385 143535 366 15 143916
X. b 1083,0 1425,1 1358,7 1457,6 1486,7 1508,5 1502,8 1268,9 1260,8 1592,8 1518,3 1459,6 1474,2 1390,9 1398,1 x x 1401,8
XI. a 21364 23339 10773 10482 5826 17027 9794 10145 9337 9618 24607 12210 11867 25867 202256 951 17 203224
XI. b 1805,0 2000,7 1713,2 1895,8 1912,8 2068,4 2278,7 1847,5 1842,3 1881,8 2175,7 1909,5 2011,8 2069,5 1970,0 x x 1979,5
XII. a 2111 3191 1266 1411 850 2519 1709 1239 1508 2066 5087 2072 1986 3562 30577 128 21 30726
XII. b 178,4 273,5 201,3 255,2 279,1 306,0 397,6 225,6 297,5 404,2 449,8 324,0 336,7 285,0 297,8 x x 299,3
XIII. a 14413 17396 10505 8136 4542 18146 8502 8932 8818 10751 22027 11146 10931 20557 174802 395 16 175213
XIII. b 1217,7 1491,3 1670,6 1471,5 1491,3 2204,3 1978,1 1626,6 1739,9 2103,4 1947,6 1743,1 1853,1 1644,7 1702,6 x x 1706,6
XIV. a 17912 20712 10563 8278 6015 17326 8559 9140 7795 9154 20012 10952 11060 20230 177708 697 5 178410
XIV. b 1513,4 1775,5 1679,8 1497,2 1974,9 2104,7 1991,4 1664,5 1538,1 1791,0 1769,4 1712,8 1875,0 1618,5 1730,9 x x 1737,8
XV. a 17531 19694 9477 9086 5202 15774 7279 7768 7479 7834 16779 9911 8777 19182 161773 1085 12 162870
XV. b 1481,2 1688,2 1507,1 1643,3 1708,0 1916,2 1693,6 1414,6 1475,7 1532,7 1483,6 1550,0 1488,0 1534,7 1575,7 x x 1586,4
XVI. a 4401 4474 1613 1034 809 1918 1195 829 1091 694 1720 1048 1177 3405 25408 184 4 25596
XVI. b 371,8 383,5 256,5 187,0 265,6 233,0 278,0 151,0 215,3 135,8 152,1 163,9 199,5 272,4 247,5 x x 249,3
XVII. a 1825 1353 758 619 352 1060 497 824 632 724 1566 861 841 1794 13706 73 - 13779
XVII. b 154,2 116,0 120,5 112,0 115,6 128,8 115,6 150,1 124,7 141,7 138,5 134,7 142,6 143,5 133,5 x x 134,2
XVIII. a 7769 12012 6623 7257 3880 12519 6262 6221 4560 6726 10482 6181 6678 13537 110707 626 20 111353
XVIII. b 656,4 1029,7 1053,2 1312,5 1273,9 1520,8 1456,9 1132,9 899,7 1315,9 926,8 966,7 1132,1 1083,0 1078,3 x x 1084,6
XIX. a 16176 19361 11998 8898 4977 16078 9725 9854 9925 10033 24370 11965 11694 21225 186279 1984 69 188332
XIX. b 1366,7 1659,7 1908,0 1609,3 1634,1 1953,1 2262,7 1794,5 1958,3 1963,0 2154,7 1871,2 1982,5 1698,1 1814,4 x x 1834,4
XX. a 16719 20583 14490 10953 7504 18785 9037 10087 11626 13880 20889 13215 13189 28770 209727 1138 16 210881
XX. b 1412,6 1764,5 2304,3 1981,0 2463,8 2282,0 2102,6 1836,9 2294,0 2715,6 1847,0 2066,7 2235,9 2301,8 2042,8 x x 2054,0
XXI. a 217046 247346 135600 115985 69149 206548 107140 113400 108594 121696 259263 137136 138083 284301 2261287 10489 295 2272071
XXI. b 18338,1 21203,4 21563,8 20977,6 22703,6 25091,1 24927,7 20651,1 21427,0 23810,0 22923,5 21446,8 23409,1 22745,7 22025,6 x x 22130,6
