PHA STC JHC PLZ KAR UST LIB HRA PAR VYS JHM OLO ZLI MSK celkem Cizinci Bezd. Celkem
I. a 4383 4730 3335 3112 1648 4283 2200 2527 2566 3168 6459 2585 3576 6572 51144 190 28 51362
I. b 366,3 398,5 528,2 558,4 539,2 518,8 509,1 459,0 504,2 618,1 568,9 403,6 606,1 526,0 495,5 x x 497,6
II. a 21342 22006 13039 8293 5002 18621 8729 10140 8552 9140 23957 12609 12041 24680 198151 395 5 198551
II. b 1783,7 1853,9 2065,1 1488,0 1636,7 2255,7 2020,1 1841,9 1680,4 1783,2 2110,0 1968,6 2040,8 1975,5 1919,6 x x 1923,4
III. a 1243 1436 677 654 366 943 597 633 594 539 1500 778 789 1797 12546 26 2 12574
III. b 103,9 121,0 107,2 117,3 119,8 114,2 138,2 115,0 116,7 105,2 132,1 121,5 133,7 143,8 121,5 x x 121,8
IV. a 6004 6320 3097 2488 1349 4002 2304 2658 2465 2551 6210 3611 2939 6424 52422 371 5 52798
IV. b 501,8 532,4 490,5 446,4 441,4 484,8 533,2 482,8 484,4 497,7 546,9 563,8 498,1 514,2 507,8 x x 511,5
V. a 3995 2583 2038 1938 1022 3930 1779 1891 1504 800 3601 1888 1198 4045 32212 260 28 32500
V. b 333,9 217,6 322,8 347,7 334,4 476,1 411,7 343,5 295,5 156,1 317,2 294,8 203,1 323,8 312,0 x x 314,8
VI. a 5500 6499 3549 2820 1507 5268 2528 3816 3535 2876 6803 3613 3158 8075 59547 414 22 59983
VI. b 459,7 547,5 562,1 506,0 493,1 638,1 585,0 693,2 694,6 561,1 599,2 564,1 535,3 646,4 576,9 x x 581,1
VII. a 4354 6372 2083 2589 1664 5648 2537 3035 2996 3884 6902 4201 4338 7110 57713 64 4,0 57781
VII. b 363,9 536,8 329,9 464,6 544,5 684,2 587,1 551,3 588,7 757,8 607,9 655,9 735,3 569,1 559,1 x x 559,7
VIII. a 1149 1910 906 571 755 1196 684 886 911 902 2155 1377 1273 1934 16609 39 - 16648
VIII. b 96,0 160,9 143,5 102,5 247,0 144,9 158,3 160,9 179,0 176,0 189,8 215,0 215,8 154,8 160,9 x x 161,3
IX. a 34316 41524 20983 18383 10582 29659 15524 15881 15555 15934 34530 18919 19913 43046 334749 1082 34 335865
IX. b 2868,0 3498,1 3323,3 3298,5 3462,5 3592,8 3592,6 2884,7 3056,5 3108,7 3041,2 2953,7 3375,1 3445,5 3242,8 x x 3253,6
X. a 12599 18489 9146 8303 4641 12872 6753 7199 6640 7707 17767 9510 8800 18087 148513 403 21 148937
X. b 1053,0 1557,6 1448,6 1489,8 1518,6 1559,3 1562,8 1307,7 1304,7 1503,6 1564,8 1484,8 1491,5 1447,7 1438,7 x x 1442,8
XI. a 21002 24484 11087 10291 5460 16862 9546 9689 9400 8813 24182 12593 11998 25628 201035 855 24 201914
XI. b 1755,3 2062,6 1756,0 1846,5 1786,5 2042,6 2209,2 1760,0 1847,0 1719,4 2129,8 1966,1 2033,6 2051,4 1947,5 x x 1956,0
XII. a 2184 3470 1266 1452 846 2669 1726 1275 1398 1793 4850 2128 1897 3416 30370 146 22 30538
XII. b 182,5 292,3 200,5 260,5 276,8 323,3 399,4 231,6 274,7 349,8 427,2 332,2 321,5 273,4 294,2 x x 295,8
XIII. a 14714 18169 10750 8162 4447 18078 8167 9279 8521 9328 21449 11977 11142 20603 174786 367 12 175165
XIII. b 1229,8 1530,6 1702,6 1464,5 1455,1 2189,9 1890,0 1685,5 1674,3 1819,9 1889,1 1869,9 1888,5 1649,1 1693,2 x x 1696,9
XIV. a 17655 21777 10659 8504 5936 17346 8652 8873 7832 8412 20965 11424 11283 20265 179583 606 4 180193
XIV. b 1475,6 1834,6 1688,2 1525,9 1942,3 2101,2 2002,3 1611,7 1538,9 1641,2 1846,5 1783,6 1912,4 1622,1 1739,7 x x 1745,6
XV. a 17744 22193 10101 9401 5452 16853 8345 8480 7942 7379 18009 10463 9281 20266 171909 1082 12 173003
XV. b 1483,0 1869,6 1599,8 1686,8 1783,9 2041,5 1931,2 1540,4 1560,6 1439,7 1586,1 1633,5 1573,1 1622,2 1665,3 x x 1675,9
XVI. a 4878 5106 1778 1005 1080 2015 1400 878 1123 739 1580 1234 1231 3393 27440 197 2 27639
XVI. b 407,7 430,1 281,6 180,3 353,4 244,1 324,0 159,5 220,7 144,2 139,2 192,7 208,6 271,6 265,8 x x 267,7
XVII. a 1533 1654 797 651 433 1197 619 885 719 724 1577 857 820 1870 14336 76 - 14412
XVII. b 128,1 139,3 126,2 116,8 141,7 145,0 143,3 160,8 141,3 141,3 138,9 133,8 139,0 149,7 138,9 x x 139,6
XVIII. a 7686 11616 6493 6692 3826 11454 5749 5504 4613 5737 10053 6114 6695 13553 105785 532 8 106325
XVIII. b 642,4 978,6 1028,4 1200,8 1251,9 1387,5 1330,5 999,8 906,4 1119,3 885,4 954,6 1134,7 1084,8 1024,8 x x 1030,0
XIX. a 16027 20142 11900 8841 4901 15704 9529 9744 9687 9178 22439 12287 11345 20861 182585 1979 65 184629
XIX. b 1339,5 1696,8 1884,7 1586,4 1603,6 1902,3 2205,2 1770,0 1903,4 1790,6 1976,3 1918,3 1922,9 1669,8 1768,8 x x 1788,6
XX. a 17454 23026 14947 11191 8151 19706 9260 10843 12742 12740 21699 13054 13544 29826 218183 1222 15 219420
XX. b 1458,8 1939,8 2367,3 2008,0 2667,0 2387,1 2143,0 1969,6 2503,7 2485,6 1911,1 2038,1 2295,6 2387,4 2113,6 x x 2125,6
XXI. a 215762 263506 138631 115341 69068 208306 106628 114116 109295 112344 256687 141222 137261 281451 2269618 10306 313 2280237
XXI. b 18032,8 22198,7 21956,6 20695,9 22599,3 25233,2 24676,2 20728,7 21475,8 21918,4 22607,2 22048,4 23264,6 22528,3 21986,6 x x 22089,5
