PHA STC JHC PLZ KAR UST LIB HRA PAR VYS JHM OLO ZLI MSK celkem Cizinci Bezd. Celkem
I. a 4986 5320 3190 3217 1688 4042 2723 2651 2715 3545 6486 2655 3716 6301 53235 212 15 53462
I. b 406,9 437,2 502,7 568,3 547,0 484,5 624,8 478,9 528,5 689,2 567,1 413,7 628,7 504,0 510,4 x x 512,6
II. a 21598 22094 12651 8218 5154 17500 7438 9892 8613 9627 23763 12705 12390 24526 196169 406 10 196585
II. b 1762,7 1815,8 1993,5 1451,7 1670,2 2097,6 1706,8 1787,1 1676,6 1871,5 2077,9 1979,5 2096,1 1961,8 1880,9 x x 1884,9
III. a 1446 1646 855 697 450 1232 725 665 725 674 1753 866 848 2153 14735 35 2 14772
III. b 118,0 135,3 134,7 123,1 145,8 147,7 166,4 120,1 141,1 131,0 153,3 134,9 143,5 172,2 141,3 x x 141,6
IV. a 6504 6892 3637 2586 1402 4023 2500 2890 2646 2840 6381 3665 3147 7554 56667 197 7 56871
IV. b 530,8 566,4 573,1 456,8 454,3 482,2 573,7 522,1 515,1 552,1 558,0 571,0 532,4 604,2 543,3 x x 545,3
V. a 4024 2811 2035 1979 977 4100 1718 2066 1734 818 3559 1965 1235 4200 33221 276 21 33518
V. b 328,4 231,0 320,7 349,6 316,6 491,4 394,2 373,3 337,5 159,0 311,2 306,2 208,9 336,0 318,5 x x 321,4
VI. a 5598 6783 3645 2978 1413 5308 2589 3771 3259 3227 7109 3641 3176 8127 60624 358 9 60991
VI. b 456,9 557,5 574,4 526,1 457,9 636,2 594,1 681,3 634,4 627,3 621,6 567,3 537,3 650,1 581,3 x x 584,8
VII. a 3912 5959 2372 2320 1351 5634 2465 3084 3099 4227 6853 3607 3185 4294 52362 79 2 52443
VII. b 319,3 489,7 373,8 409,8 437,8 675,3 565,6 557,2 603,3 821,8 599,2 562,0 538,8 343,5 502,0 x x 502,8
VIII. a 1179 1807 865 474 695 955 653 861 831 966 1861 1172 1054 1768 15141 48 - 15189
VIII. b 96,2 148,5 136,3 83,7 225,2 114,5 149,8 155,6 161,8 187,8 162,7 182,6 178,3 141,4 145,2 x x 145,6
IX. a 32905 40643 21099 17992 10187 29402 15217 15610 15567 16725 33826 17487 19413 41528 327601 994 34 328629
IX. b 2685,5 3340,2 3324,7 3178,3 3301,3 3524,2 3491,8 2820,2 3030,4 3251,4 2957,8 2724,6 3284,3 3321,8 3141,0 x x 3150,9
X. a 12014 18255 8365 7999 4484 11739 6581 6620 6228 8060 16569 8817 8075 17546 141352 423 16 141791
X. b 980,5 1500,3 1318,1 1413,1 1453,1 1407,1 1510,1 1196,0 1212,4 1566,9 1448,8 1373,7 1366,1 1403,5 1355,3 x x 1359,5
XI. a 19413 24262 10975 10444 5654 15989 9113 9521 9484 9623 24458 12409 11756 25678 198779 912 12 199703
XI. b 1584,4 1994,0 1729,4 1845,0 1832,3 1916,5 2091,1 1720,1 1846,2 1870,8 2138,7 1933,4 1988,9 2054,0 1905,9 x x 1914,8
XII. a 2087 3287 1376 1468 895 2788 1546 1217 1448 1970 4694 1930 1730 3423 29859 128 16 30003
XII. b 170,3 270,1 216,8 259,3 290,0 334,2 354,8 219,9 281,9 383,0 410,5 300,7 292,7 273,8 286,3 x x 287,7
XIII. a 15485 19277 10570 8133 4096 18608 7699 8848 8617 10326 21241 12017 11411 20746 177074 415 11 177500
XIII. b 1263,8 1584,3 1665,6 1436,7 1327,4 2230,4 1766,7 1598,5 1677,4 2007,4 1857,4 1872,3 1930,5 1659,5 1697,8 x x 1701,9
XIV. a 16804 21147 10588 8235 5860 16895 8941 8386 7371 8751 19918 10541 10656 19307 173400 557 9 173966
XIV. b 1371,4 1738,0 1668,4 1454,7 1899,0 2025,1 2051,7 1515,1 1434,9 1701,2 1741,7 1642,4 1802,8 1544,4 1662,6 x x 1668,0
XV. a 18337 22617 10719 9557 5641 16942 8482 8504 7925 8333 18498 10547 9021 20219 175342 1326 13 176681
XV. b 1496,6 1858,8 1689,1 1688,3 1828,1 2030,7 1946,4 1536,4 1542,7 1620,0 1617,5 1643,3 1526,2 1617,3 1681,2 x x 1694,0
XVI. a 5408 5408 1725 1391 998 1430 1511 877 1230 1021 1533 1298 1240 3525 28595 274 1 28870
XVI. b 441,4 444,5 271,8 245,7 323,4 171,4 346,7 158,4 239,4 198,5 134,0 202,2 209,8 282,0 274,2 x x 276,8
XVII. a 1565 1683 796 629 390 1093 571 794 741 642 1602 779 820 1701 13806 80 - 13886
XVII. b 127,7 138,3 125,4 111,1 126,4 131,0 131,0 143,4 144,2 124,8 140,1 121,4 138,7 136,1 132,4 x x 133,1
XVIII. a 7590 10408 5818 6535 3561 9910 5693 5749 4457 5713 10197 6020 7027 11458 100136 460 16 100612
XVIII. b 619,4 855,4 916,8 1154,4 1154,0 1187,8 1306,4 1038,6 867,6 1110,6 891,6 938,0 1188,8 916,5 960,1 x x 964,7
XIX. a 15945 20819 12559 9202 5163 15308 9864 9770 10065 10269 22571 12643 11031 21419 186628 1963 64 188655
XIX. b 1301,3 1711,0 1979,0 1625,6 1673,2 1834,9 2263,5 1765,1 1959,3 1996,4 1973,7 1969,9 1866,2 1713,3 1789,4 x x 1808,8
XX. a 17666 24457 15415 11695 8300 20428 11171 11595 11686 14506 22993 13749 14293 27940 225894 1197 16 227107
XX. b 1441,8 2010,0 2429,0 2066,0 2689,8 2448,6 2563,4 2094,8 2274,9 2820,1 2010,6 2142,2 2418,1 2234,9 2165,9 x x 2177,5
XXI. a 214466 265575 139255 115749 68359 203326 107200 113371 108441 121863 255865 138513 135224 273413 2260620 10340 274 2271234
XXI. b 17503,4 21826,2 21943,3 20447,5 22153,0 24371,3 24599,0 20482,1 21109,7 23690,9 22373,4 21581,2 22877,2 21870,1 21674,8 x x 21776,6
