PHA STC JHC PLZ KAR UST LIB HRA PAR VYS JHM OLO ZLI MSK celkem Cizinci Bezd. Celkem
I. a 4590 5903 3159 3210 1630 4149 2009 2395 2758 3629 6451 2466 3859 5758 51966 210 22 52198
I. b 369,3 476,2 495,9 562,0 529,3 496,2 458,4 431,9 534,6 704,2 561,0 384,1 652,6 460,9 495,3 x x 497,5
II. a 20714 21613 11945 8170 5067 17494 7234 8921 8310 9033 23273 13156 11335 22469 188734 398 9 189141
II. b 1666,5 1743,4 1875,2 1430,3 1645,3 2092,3 1650,7 1608,8 1610,9 1752,9 2023,7 2049,4 1917,0 1798,4 1798,9 x x 1802,8
III. a 1384 1777 842 683 387 1217 685 650 904 632 1713 1013 872 2141 14900 31 1 14932
III. b 111,3 143,3 132,2 119,6 125,7 145,6 156,3 117,2 175,2 122,6 149,0 157,8 147,5 171,4 142,0 x x 142,3
IV. a 6380 6908 3849 2554 1312 4202 2699 2625 2709 2983 6515 3932 3152 8822 58642 161 9 58812
IV. b 513,3 557,2 604,2 447,1 426,0 502,6 615,9 473,4 525,1 578,9 566,5 612,5 533,1 706,1 558,9 x x 560,6
V. a 4158 3182 2256 2054 1052 4666 2051 2115 1756 921 3798 1888 1353 4367 35617 269 19 35905
V. b 334,5 256,7 354,2 359,6 341,6 558,0 468,0 381,4 340,4 178,7 330,3 294,1 228,8 349,5 339,5 x x 342,2
VI. a 5814 7132 3620 2772 1461 5467 2600 3431 3181 3129 7371 3555 3277 7713 60523 336 49 60908
VI. b 467,8 575,3 568,3 485,3 474,4 653,8 593,3 618,7 616,6 607,2 641,0 553,8 554,2 617,4 576,9 x x 580,5
VII. a 3275 5599 2190 2217 1150 4045 1705 1590 2335 3602 5122 3319 2284 3704 42137 60 1 42198
VII. b 263,5 451,7 343,8 388,1 373,4 483,8 389,1 286,7 452,6 699,0 445,4 517,0 386,3 296,5 401,6 x x 402,2
VIII. a 1273 1702 837 514 675 1017 639 790 841 909 1928 1111 1042 1775 15053 35 - 15088
VIII. b 102,4 137,3 131,4 90,0 219,2 121,6 145,8 142,5 163,0 176,4 167,7 173,1 176,2 142,1 143,5 x x 143,8
IX. a 32541 41973 20710 18211 11043 29728 15667 15651 15471 17188 34098 18142 19978 41012 331413 957 35 332405
IX. b 2618,0 3385,8 3251,1 3188,2 3585,8 3555,4 3575,0 2822,5 2999,0 3335,3 2965,0 2826,1 3378,6 3282,7 3158,9 x x 3168,3
X. a 12368 18898 8747 8237 4441 12502 6488 7076 6892 8235 17043 9144 8156 18230 146457 401 13 146871
X. b 995,0 1524,4 1373,1 1442,1 1442,1 1495,2 1480,5 1276,1 1336,0 1598,0 1482,0 1424,4 1379,3 1459,2 1396,0 x x 1399,9
XI. a 19350 24414 10803 10672 5603 15721 9123 9389 9427 9300 24046 11683 11091 25285 195907 756 15 196678
XI. b 1556,8 1969,4 1695,9 1868,4 1819,4 1880,2 2081,7 1693,2 1827,4 1804,7 2090,9 1819,9 1875,7 2023,8 1867,3 x x 1874,6
XII. a 2140 3170 1379 1481 832 2735 1562 1160 1441 1850 4557 1936 1550 3368 29161 145 15 29321
XII. b 172,2 255,7 216,5 259,3 270,2 327,1 356,4 209,2 279,3 359,0 396,3 301,6 262,1 269,6 277,9 x x 279,5
XIII. a 15186 19525 10300 8184 3954 18593 7874 8589 8384 10561 21351 12175 11422 21193 177291 404 7 177702
XIII. b 1221,8 1575,0 1616,9 1432,8 1283,9 2223,7 1796,7 1548,9 1625,2 2049,4 1856,6 1896,6 1931,7 1696,3 1689,9 x x 1693,8
XIV. a 16885 21631 10107 8146 5935 16620 8478 8332 7349 8412 19316 10542 10222 19187 171162 568 3 171733
XIV. b 1358,5 1744,9 1586,6 1426,1 1927,2 1987,7 1934,6 1502,6 1424,6 1632,4 1679,6 1642,2 1728,7 1535,8 1631,4 x x 1636,9
XV. a 18677 23206 10298 9542 5411 16105 8205 8329 7802 7794 18318 10507 8674 19932 172800 1473 24 174297
XV. b 1502,6 1871,9 1616,6 1670,5 1757,0 1926,1 1872,3 1502,0 1512,4 1512,4 1592,9 1636,7 1466,9 1595,4 1647,0 x x 1661,3
XVI. a 4747 4779 1377 1875 953 1444 1418 1027 1126 1236 1717 1629 1160 3286 27774 370 - 28144
XVI. b 381,9 385,5 216,2 328,3 309,5 172,7 323,6 185,2 218,3 239,8 149,3 253,8 196,2 263,0 264,7 x x 268,3
XVII. a 1429 1673 776 676 396 1071 531 846 731 641 1530 795 810 1717 13622 83 1 13706
XVII. b 115,0 135,0 121,8 118,3 128,6 128,1 121,2 152,6 141,7 124,4 133,0 123,8 137,0 137,4 129,8 x x 130,6
XVIII. a 6597 9692 5791 6428 2985 9719 6458 5483 4188 4843 10459 5790 7304 11162 96899 441 12 97352
XVIII. b 530,8 781,8 909,1 1125,4 969,3 1162,4 1473,6 988,8 811,8 939,8 909,5 901,9 1235,2 893,4 923,6 x x 927,9
XIX. a 16569 21473 12652 9290 5409 15379 10367 9687 10326 10247 22950 12099 11432 21151 189031 1652 65 190748
XIX. b 1333,0 1732,2 1986,1 1626,4 1756,4 1839,3 2365,6 1746,9 2001,7 1988,4 1995,6 1884,7 1933,4 1693,0 1801,8 x x 1818,1
XX. a 18626 25412 14627 11203 8111 21422 11030 12290 12309 14028 22900 13366 14740 26167 226231 1267 21 227519
XX. b 1498,5 2049,9 2296,2 1961,3 2633,8 2562,0 2516,9 2216,4 2386,1 2722,1 1991,3 2082,1 2492,8 2094,4 2156,3 x x 2168,6
XXI. a 212703 269662 136265 116119 67807 203296 106823 110376 108240 119173 254456 138248 133713 268439 2245320 10017 321 2255658
XXI. b 17112,7 21752,7 21391,2 20329,0 22018,0 24314,0 24375,6 19905,1 20982,1 23125,6 22126,4 21535,8 22613,3 21486,2 21401,3 x x 21499,9
