PHA STC JHC PLZ KAR UST LIB HRA PAR VYS JHM OLO ZLI MSK celkem Cizinci Bezd. Celkem
I. a 4597 6045 3162 3089 1820 4227 2263 2532 2888 3561 7052 2814 3961 5834 53845 203 15 54063
I. b 367,3 480,8 495,7 540,0 591,6 505,7 514,9 456,8 558,8 691,7 611,7 438,5 670,8 468,7 512,0 x x 514,0
II. a 20034 21659 11308 8506 5106 17645 7595 8552 8485 8814 23336 13039 11802 22099 187980 441 12 188433
II. b 1600,5 1722,8 1772,7 1487,0 1659,8 2111,2 1728,2 1542,9 1641,9 1712,1 2024,4 2032,1 1998,8 1775,4 1787,3 x x 1791,7
III. a 1395 1694 776 714 334 1144 684 661 728 564 1483 1043 903 2038 14161 32 - 14193
III. b 111,4 134,7 121,6 124,8 108,6 136,9 155,6 119,3 140,9 109,6 128,6 162,5 152,9 163,7 134,6 x x 134,9
IV. a 6377 6535 4220 2648 1399 4409 2646 2443 2721 2829 5917 3689 3068 8402 57303 259 4 57566
IV. b 509,5 519,8 661,5 462,9 454,8 527,5 602,1 440,7 526,5 549,5 513,3 574,9 519,6 675,0 544,8 x x 547,3
V. a 4555 3385 2320 2220 1331 4362 2110 2113 1851 790 3812 1877 1284 4402 36412 292 19 36723
V. b 363,9 269,3 363,7 388,1 432,7 521,9 480,1 381,2 358,2 153,5 330,7 292,5 217,5 353,6 346,2 x x 349,2
VI. a 5757 7359 3554 2805 1459 5377 2667 3531 2991 2934 7091 3692 3056 7701 59974 342 6 60322
VI. b 459,9 585,4 557,1 490,4 474,3 643,3 606,8 637,0 578,8 569,9 615,1 575,4 517,6 618,7 570,2 x x 573,6
VII. a 3046 4015 1754 1897 949 3375 1402 817 1444 2423 3503 1926 1855 3309 31715 76 6 31797
VII. b 243,3 319,4 275,0 331,6 308,5 403,8 319,0 147,4 279,4 470,7 303,9 300,2 314,2 265,8 301,6 x x 302,3
VIII. a 1343 1580 933 506 708 1022 603 845 928 751 2002 1058 980 1774 15033 35 2 15070
VIII. b 107,3 125,7 146,3 88,5 230,2 122,3 137,2 152,4 179,6 145,9 173,7 164,9 166,0 142,5 142,9 x x 143,3
IX. a 30456 40548 20339 17682 10300 28535 16191 15830 15355 16185 33888 18698 20191 39383 323581 898 48 324527
IX. b 2433,1 3225,3 3188,4 3091,1 3348,3 3414,1 3684,1 2855,9 2971,3 3143,9 2939,7 2914,0 3419,5 3164,0 3076,7 x x 3085,7
X. a 11649 17841 8338 7645 4285 11421 6201 6772 6407 7610 16415 8579 8239 17936 139338 380 14 139732
X. b 930,6 1419,1 1307,1 1336,5 1393,0 1366,5 1411,0 1221,7 1239,8 1478,2 1424,0 1337,0 1395,4 1440,9 1324,9 x x 1328,6
XI. a 18902 24550 10849 10483 5714 16431 9767 9478 9269 9588 24241 11900 11375 25245 197792 724 28 198544
XI. b 1510,1 1952,8 1700,7 1832,6 1857,5 1965,9 2222,4 1709,9 1793,6 1862,5 2102,9 1854,6 1926,5 2028,1 1880,6 x x 1887,8
XII. a 2223 3120 1448 1647 940 2742 1494 1175 1424 1948 4402 2031 1549 3151 29294 150 22 29466
XII. b 177,6 248,2 227,0 287,9 305,6 328,1 339,9 212,0 275,6 378,4 381,9 316,5 262,3 253,1 278,5 x x 280,2
XIII. a 15381 19272 10723 8329 4163 18568 8218 8664 8414 10662 21284 12397 11293 21583 178951 330 8 179289
XIII. b 1228,8 1532,9 1681,0 1456,1 1353,3 2221,6 1869,9 1563,1 1628,2 2071,1 1846,3 1932,0 1912,6 1733,9 1701,5 x x 1704,7
XIV. a 16648 21743 10296 8125 6040 16479 8973 8438 7514 8536 19816 10503 10216 19505 172832 639 8 173479
XIV. b 1330,0 1729,5 1614,0 1420,4 1963,5 1971,7 2041,7 1522,3 1454,0 1658,1 1719,0 1636,8 1730,2 1567,0 1643,3 x x 1649,5
XV. a 19146 22527 10032 9132 5415 15336 8016 8200 7766 7784 18377 10057 8762 19469 170019 1513 22 171554
XV. b 1529,6 1791,8 1572,6 1596,4 1760,3 1834,9 1824,0 1479,4 1502,8 1512,0 1594,2 1567,3 1483,9 1564,1 1616,6 x x 1631,2
XVI. a 3314 3848 1419 1621 860 1063 638 1058 1146 1613 1674 1537 1145 3436 24372 221 1 24594
XVI. b 264,8 306,1 222,4 283,4 279,6 127,2 145,2 190,9 221,8 313,3 145,2 239,5 193,9 276,0 231,7 x x 233,8
XVII. a 1419 1678 720 638 369 1005 534 826 692 712 1435 728 771 1673 13200 87 - 13287
XVII. b 113,4 133,5 112,9 111,5 120,0 120,2 121,5 149,0 133,9 138,3 124,5 113,5 130,6 134,4 125,5 x x 126,3
XVIII. a 6726 9267 5999 6360 2920 10042 5380 5095 3871 4957 9205 5683 6682 10239 92426 409 17 92852
XVIII. b 537,3 737,1 940,4 1111,8 949,2 1201,5 1224,2 919,2 749,1 962,9 798,5 885,7 1131,7 822,6 878,8 x x 882,9
XIX. a 17038 20361 12851 9492 5300 15571 10563 9778 10293 10522 23138 12453 11411 21467 190238 1563 72 191873
XIX. b 1361,2 1619,6 2014,5 1659,4 1722,9 1863,0 2403,5 1764,0 1991,8 2043,9 2007,2 1940,7 1932,6 1724,6 1808,8 x x 1824,4
XX. a 18724 26540 15510 11528 8273 24215 11797 12979 12302 14092 23644 14000 13105 26510 233219 1328 20 234567
XX. b 1495,9 2111,1 2431,4 2015,3 2689,4 2897,2 2684,3 2341,5 2380,5 2737,4 2051,1 2181,8 2219,5 2129,8 2217,5 x x 2230,3
XXI. a 208730 263570 136552 115067 67685 202969 107742 109787 106489 116877 251715 137704 131648 265157 2221692 9922 324 2231938
XXI. b 16675,4 20964,9 21406,2 20115,8 22002,9 24284,5 24515,6 19806,6 20606,4 22703,4 21835,8 21460,6 22295,9 21302,2 21124,3 x x 21221,7
