PHA STC JHC PLZ KAR UST LIB HRA PAR VYS JHM OLO ZLI MSK celkem Cizinci Bezd. Celkem
I. a 4705 6302 3416 3425 1855 4353 2524 2516 2836 3522 6379 2565 3911 6299 54608 220 19 54847
I. b 380,1 495,0 537,2 599,3 611,2 525,3 576,1 454,1 549,3 687,9 547,7 401,5 663,3 511,0 520,2 x x 522,5
II. a 19195 21059 10934 8523 4998 17370 7284 8398 8226 7988 20955 13159 11344 22097 181530 463 6 181999
II. b 1550,6 1654,2 1719,4 1491,3 1646,7 2096,3 1662,5 1515,7 1593,4 1560,2 1799,3 2059,8 1924,0 1792,7 1729,4 x x 1733,9
III. a 1484 1791 776 736 392 1197 588 627 745 528 1655 1049 858 2084 14510 29 3 14542
III. b 119,9 140,7 122,0 128,8 129,2 144,5 134,2 113,2 144,3 103,1 142,1 164,2 145,5 169,1 138,2 x x 138,5
IV. a 5920 6466 3894 2542 1161 4197 2529 2437 2681 2409 6307 4048 3180 8426 56197 322 8 56527
IV. b 478,2 507,9 612,4 444,8 382,5 506,5 577,2 439,9 519,3 470,5 541,5 633,6 539,4 683,6 535,4 x x 538,5
V. a 4171 3337 2045 2092 1388 4467 2131 2088 1867 850 3924 1854 1351 4536 36101 284 20 36405
V. b 336,9 262,1 321,6 366,1 457,3 539,1 486,4 376,9 361,6 166,0 336,9 290,2 229,1 368,0 343,9 x x 346,8
VI. a 5428 6566 3444 2881 1567 5334 2783 3374 3048 2722 7435 3793 2896 7797 59068 382 14 59464
VI. b 438,5 515,8 541,6 504,1 516,3 643,7 635,2 609,0 590,4 531,7 638,4 593,7 491,2 632,6 562,7 x x 566,5
VII. a 3015 4291 1625 1732 1036 3384 1308 763 1376 2259 3532 963 1429 3411 30124 78 5 30207
VII. b 243,5 337,1 255,5 303,1 341,3 408,4 298,5 137,7 266,5 441,2 303,3 150,7 242,4 276,7 287,0 x x 287,8
VIII. a 1337 1527 930 504 735 974 630 784 990 863 1889 823 963 1828 14777 40 1 14818
VIII. b 108,0 119,9 146,2 88,2 242,2 117,5 143,8 141,5 191,8 168,6 162,2 128,8 163,3 148,3 140,8 x x 141,2
IX. a 29531 40530 19678 17201 9989 27044 16228 14947 15043 15115 32815 18256 19111 39535 315023 967 42 316032
IX. b 2385,5 3183,6 3094,5 3009,8 3291,1 3263,8 3703,9 2697,8 2913,8 2952,3 2817,6 2857,6 3241,4 3207,4 3001,2 x x 3010,8
X. a 12107 18636 8470 7749 4679 12303 6119 6995 6996 7525 16478 8855 8009 18370 143291 364 22 143677
X. b 978,0 1463,8 1332,0 1355,9 1541,6 1484,8 1396,6 1262,5 1355,1 1469,8 1414,9 1386,1 1358,4 1490,3 1365,1 x x 1368,8
XI. a 18718 24918 10319 10595 5852 15508 9718 9182 9282 8860 23596 11082 11097 25051 193778 756 25 194559
XI. b 1512,0 1957,3 1622,7 1853,9 1928,1 1871,6 2218,1 1657,3 1797,9 1730,6 2026,0 1734,7 1882,1 2032,3 1846,1 x x 1853,5
XII. a 2136 3389 1473 1659 934 2677 1544 1135 1445 1768 4252 1861 1558 3543 29374 122 19 29515
XII. b 172,5 266,2 231,6 290,3 307,7 323,1 352,4 204,9 279,9 345,3 365,1 291,3 264,2 287,4 279,8 x x 281,2
XIII. a 15184 19473 10621 8095 3537 18156 8385 8508 8573 9526 21192 11840 10913 21545 175548 387 3 175938
XIII. b 1226,6 1529,6 1670,2 1416,5 1165,3 2191,2 1913,8 1535,6 1660,6 1860,6 1819,6 1853,3 1850,9 1747,9 1672,4 x x 1676,1
XIV. a 16382 21648 10383 8136 5986 15699 9235 8519 7374 7973 18917 10105 10113 19010 169480 631 10 170121
XIV. b 1323,3 1700,4 1632,8 1423,6 1972,2 1894,7 2107,8 1537,6 1428,4 1557,3 1624,3 1581,8 1715,2 1542,2 1614,6 x x 1620,7
XV. a 18322 21554 9670 8493 4814 14400 7405 7535 7340 7241 16320 9342 8021 17780 158237 1576 9 159822
XV. b 1480,0 1693,0 1520,7 1486,1 1586,1 1737,9 1690,1 1360,0 1421,8 1414,3 1401,3 1462,3 1360,4 1442,4 1507,5 x x 1522,6
XVI. a 4820 4189 1384 1338 494 911 674 1033 1102 1420 1670 1341 714 1932 23022 169 1 23192
XVI. b 389,4 329,0 217,6 234,1 162,8 109,9 153,8 186,4 213,5 277,4 143,4 209,9 121,1 156,7 219,3 x x 220,9
XVII. a 1400 1758 728 659 363 961 523 836 708 590 1398 657 675 1574 12830 75 - 12905
XVII. b 113,1 138,1 114,5 115,3 119,6 116,0 119,4 150,9 137,1 115,2 120,0 102,8 114,5 127,7 122,2 x x 122,9
XVIII. a 7128 9777 6602 6131 2905 9577 4928 4696 3939 4774 8596 5430 7381 10853 92717 427 10 93154
XVIII. b 575,8 768,0 1038,2 1072,8 957,1 1155,8 1124,8 847,6 763,0 932,5 738,1 850,0 1251,9 880,5 883,3 x x 887,5
XIX. a 17256 21066 12748 9855 5401 15105 10632 9615 10006 10014 22248 12404 11693 21600 189643 1764 62 191469
XIX. b 1393,9 1654,7 2004,7 1724,4 1779,5 1823,0 2426,7 1735,4 1938,2 1956,0 1910,3 1941,6 1983,2 1752,4 1806,7 x x 1824,1
XX. a 20412 27608 15582 10570 8578 24306 11395 12052 12105 14725 23455 13805 13646 27004 235243 1219 17 236479
XX. b 1648,9 2168,6 2450,4 1849,5 2826,2 2933,4 2600,8 2175,3 2344,7 2876,1 2013,9 2160,9 2314,5 2190,8 2241,1 x x 2252,9
XXI. a 208651 265886 134722 112916 66664 197923 106563 106040 105682 110673 243013 133232 128864 264276 2185105 10275 296 2195676
XXI. b 16854,7 20885,0 21185,8 19757,9 21963,7 23886,6 24322,1 19139,1 20470,7 21617,0 20866,1 20855,0 21856,3 21440,1 20817,1 x x 20917,8
