PHA STC JHC PLZ KAR UST LIB HRA PAR VYS JHM OLO ZLI MSK celkem Cizinci Bezd. Celkem
I. a 4135 6288 3001 3244 1701 4322 2375 2998 2919 3868 6802 2642 3802 6405 54502 214 14 54730
I. b 332,5 489,0 471,6 567,1 562,3 522,4 541,5 541,8 565,2 756,0 582,8 414,2 646,3 521,5 518,6 x x 520,8
II. a 17266 20662 9204 7893 4722 16516 6983 8446 8088 8573 20976 12662 11207 21573 174771 503 10 175284
II. b 1388,3 1606,8 1446,3 1379,9 1561,1 1996,3 1592,1 1526,5 1566,2 1675,6 1797,2 1985,1 1905,0 1756,4 1663,0 x x 1667,9
III. a 1232 1754 709 773 437 1191 617 620 676 596 1915 1096 863 2002 14481 37 3 14521
III. b 99,1 136,4 111,4 135,1 144,5 144,0 140,7 112,1 130,9 116,5 164,1 171,8 146,7 163,0 137,8 x x 138,2
IV. a 5201 6393 3700 2697 1384 4138 2367 2153 2740 2523 6060 3748 3122 8641 54867 367 3 55237
IV. b 418,2 497,1 581,4 471,5 457,5 500,2 539,7 389,1 530,6 493,1 519,2 587,6 530,7 703,5 522,1 x x 525,6
V. a 3938 3525 1848 2031 1364 4012 2051 2061 1825 980 3893 1910 1442 4637 35517 290 16 35823
V. b 316,6 274,1 290,4 355,1 450,9 484,9 467,6 372,5 353,4 191,5 333,5 299,4 245,1 377,5 338,0 x x 340,9
VI. a 5233 7592 3459 3115 1692 6118 2822 3268 3093 3135 7586 3786 3556 7660 62115 355 11 62481
VI. b 420,8 590,4 543,5 544,6 559,4 739,5 643,4 590,6 598,9 612,8 650,0 593,6 604,5 623,7 591,0 x x 594,5
VII. a 2590 4048 1537 1228 1178 2003 1056 819 1219 2027 3431 925 1103 3120 26284 68 2 26354
VII. b 208,3 314,8 241,5 214,7 389,4 242,1 240,8 148,0 236,1 396,2 294,0 145,0 187,5 254,0 250,1 x x 250,8
VIII. a 1259 1562 1061 502 835 1148 688 834 1019 929 2121 883 880 1957 15678 49 - 15727
VIII. b 101,2 121,5 166,7 87,8 276,0 138,8 156,9 150,7 197,3 181,6 181,7 138,4 149,6 159,3 149,2 x x 149,6
IX. a 28316 42732 19226 17070 9529 28086 15642 14814 14940 15899 33599 19132 19406 39559 317950 1043 30 319023
IX. b 2276,8 3323,0 3021,1 2984,2 3150,2 3394,8 3566,4 2677,4 2893,1 3107,5 2878,7 2999,5 3298,7 3220,8 3025,4 x x 3035,6
X. a 10829 17807 7159 7537 4249 12352 5831 6738 6670 7628 15637 8666 8006 17187 136296 413 15 136724
X. b 870,7 1384,7 1125,0 1317,6 1404,7 1493,0 1329,5 1217,8 1291,6 1490,9 1339,8 1358,7 1360,9 1399,3 1296,9 x x 1301,0
XI. a 17375 25307 10287 10765 5632 16749 9676 9364 9956 9626 24998 12125 11752 25561 199173 804 12 199989
XI. b 1397,0 1968,0 1616,5 1881,9 1861,9 2024,5 2206,1 1692,4 1927,9 1881,4 2141,8 1901,0 1997,6 2081,1 1895,2 x x 1903,0
XII. a 1978 3515 1486 1651 955 2889 1519 1099 1382 1875 4536 1855 1839 3529 30108 137 17 30262
XII. b 159,0 273,3 233,5 288,6 315,7 349,2 346,3 198,6 267,6 366,5 388,6 290,8 312,6 287,3 286,5 x x 288,0
XIII. a 13286 19585 10268 7716 3500 18069 7914 7556 8601 10052 19703 12082 10767 20547 169646 430 6 170082
XIII. b 1068,3 1523,0 1613,5 1348,9 1157,1 2184,0 1804,4 1365,6 1665,5 1964,7 1688,1 1894,2 1830,2 1672,9 1614,2 x x 1618,4
XIV. a 15377 21799 10219 8385 5917 17525 9720 8424 7672 8725 20691 10508 10682 20266 175910 730 29 176669
XIV. b 1236,4 1695,2 1605,8 1465,9 1956,1 2118,3 2216,2 1522,5 1485,6 1705,3 1772,8 1647,4 1815,7 1650,0 1673,9 x x 1681,1
XV. a 12623 19688 9205 8651 4605 14221 7419 7620 7395 7497 17233 9150 8160 18355 151822 1260 15 153097
XV. b 1015,0 1531,0 1446,5 1512,4 1522,4 1718,9 1691,5 1377,2 1432,0 1465,3 1476,5 1434,5 1387,0 1494,4 1444,6 x x 1456,8
XVI. a 2931 3131 1628 1078 335 763 610 948 1278 1118 1660 1192 680 2326 19678 215 - 19893
XVI. b 235,7 243,5 255,8 188,5 110,7 92,2 139,1 171,3 247,5 218,5 142,2 186,9 115,6 189,4 187,2 x x 189,3
XVII. a 1222 1450 689 614 288 932 514 721 666 664 1381 654 613 1481 11889 105 - 11994
XVII. b 98,3 112,8 108,3 107,3 95,2 112,7 117,2 130,3 129,0 129,8 118,3 102,5 104,2 120,6 113,1 x x 114,1
XVIII. a 6833 10062 6153 5503 3353 9459 4512 3778 3982 4414 7935 6113 6688 10164 88949 463 8 89420
XVIII. b 549,4 782,5 966,9 962,0 1108,5 1143,3 1028,7 682,8 771,1 862,7 679,9 958,4 1136,8 827,5 846,4 x x 850,9
XIX. a 15836 21091 12687 10416 5167 16308 10680 9710 10879 10804 24114 12402 12210 21895 194199 1687 57 195943
XIX. b 1273,3 1640,1 1993,6 1820,9 1708,2 1971,2 2435,1 1755,0 2106,7 2111,7 2066,1 1944,4 2075,5 1782,6 1847,9 x x 1864,5
XX. a 17319 27844 16078 12197 9196 23820 12394 14160 13268 16691 29490 14817 16486 30857 254617 1312 8 255937
XX. b 1392,5 2165,3 2526,5 2132,3 3040,2 2879,2 2825,9 2559,2 2569,3 3262,3 2526,7 2323,0 2802,3 2512,3 2422,8 x x 2435,3
XXI. a 184779 265835 129604 113066 66039 200622 105390 106132 108269 117624 253761 136348 133264 267722 2188455 10482 256 2199193
XXI. b 14857,3 20672,3 20365,8 19766,2 21832,2 24249,7 24029,1 19182,0 20965,7 22990,2 21742,1 21376,6 22652,4 21797,0 20824,0 x x 20926,2
